              precision    recall  f1-score   support

           0       0.00      0.00      0.00         1
           1       0.00      0.00      0.00         1
           2       0.00      0.00      0.00         1
           3       0.00      0.00      0.00         1
           4       0.33      0.33      0.33         3
           5       0.00      0.00      0.00         1
           6       0.67      0.33      0.44         6
           7       0.00      0.00      0.00         1
           8       0.00      0.00      0.00         1
           9       0.00      0.00      0.00         2
          10       0.00      0.00      0.00         1
          12       0.43      0.91      0.59        11
          13       0.00      0.00      0.00         1
          15       0.00      0.00      0.00         1
          18       0.00      0.00      0.00         3
          19       0.00      0.00      0.00         2
          20       0.00      0.00      0.00         2
          22       0.61      0.94      0.74        18
          23       0.00      0.00      0.00         1
          24       0.00      0.00      0.00         3
          25       0.00      0.00      0.00         1
          26       0.29      0.50      0.36         4
          28       0.58      0.82      0.68        22
          29       0.33      0.20      0.25         5
          30       0.00      0.00      0.00         1
          31       0.56      0.56      0.56         9
          32       0.00      0.00      0.00         1
          34       0.00      0.00      0.00         2
          35       0.50      0.25      0.33         4
          36       0.00      0.00      0.00         2
          37       0.00      0.00      0.00         2
          38       0.33      0.60      0.43         5

    accuracy                           0.50       119
   macro avg       0.14      0.17      0.15       119
weighted avg       0.38      0.50      0.42       119

