              precision    recall  f1-score   support

           0       0.00      0.00      0.00         1
           1       0.00      0.00      0.00         2
           3       0.00      0.00      0.00         4
           4       0.12      0.33      0.18         6
           5       0.29      0.73      0.42        22
           6       0.00      0.00      0.00         4
           7       0.00      0.00      0.00         1
           8       0.00      0.00      0.00         2
           9       0.00      0.00      0.00         1
          10       0.00      0.00      0.00         1
          11       0.48      0.56      0.51        18
          13       0.00      0.00      0.00         3
          14       0.00      0.00      0.00         1
          15       0.00      0.00      0.00         2
          17       0.00      0.00      0.00         3
          18       0.00      0.00      0.00         1
          19       0.00      0.00      0.00         1
          21       0.00      0.00      0.00         1
          23       0.00      0.00      0.00         2
          24       0.00      0.00      0.00         1
          25       0.00      0.00      0.00         1
          26       0.00      0.00      0.00         5
          27       0.00      0.00      0.00         1
          28       0.00      0.00      0.00         1
          29       0.00      0.00      0.00         3
          30       0.13      0.18      0.15        11
          32       0.33      0.50      0.40         2
          33       0.00      0.00      0.00         1
          34       0.00      0.00      0.00         9
          35       0.00      0.00      0.00         5
          36       0.00      0.00      0.00         2
          37       0.00      0.00      0.00         1

    accuracy                           0.26       119
   macro avg       0.04      0.07      0.05       119
weighted avg       0.15      0.26      0.18       119

