              precision    recall  f1-score   support

           0       0.00      0.00      0.00         3
           1       0.00      0.00      0.00         2
           2       0.00      0.00      0.00         3
           3       0.17      0.20      0.18         5
           4       1.00      1.00      1.00         1
           5       0.00      0.00      0.00         2
           6       0.00      0.00      0.00         1
           8       0.00      0.00      0.00         1
           9       0.46      0.55      0.50        11
          10       0.14      0.17      0.15         6
          12       0.00      0.00      0.00         1
          13       0.00      0.00      0.00         1
          14       0.20      0.22      0.21         9
          15       0.00      0.00      0.00         1
          16       0.00      0.00      0.00         4
          18       0.00      0.00      0.00         0
          19       0.55      0.61      0.58        18
          20       0.00      0.00      0.00         1
          21       0.00      0.00      0.00         2
          23       0.00      0.00      0.00         1
          24       0.00      0.00      0.00         1
          25       0.00      0.00      0.00         1
          26       0.00      0.00      0.00         2
          28       0.29      0.40      0.33         5
          29       0.00      0.00      0.00         0
          30       0.00      0.00      0.00         2
          31       0.00      0.00      0.00         1
          32       0.33      0.25      0.29         4
          33       0.60      0.68      0.64        22
          34       0.00      0.00      0.00         1
          35       0.33      0.50      0.40         2
          36       0.50      1.00      0.67         1
          37       0.00      0.00      0.00         1
          38       1.00      0.67      0.80         3

    accuracy                           0.37       119
   macro avg       0.16      0.18      0.17       119
weighted avg       0.33      0.37      0.35       119

